             0.200    0.250    0.300    0.337    0.400    0.488    0.515    0.550    0.633    0.694    0.860    1.060    1.300    1.536    1.800    2.000    2.250    2.500    2.700    3.000    3.200    3.392    3.500    3.750    4.000    4.500    5.000
       1.00  2.43E-00 2.11E-00 1.83E-00 1.65E-00 1.40E-00 1.14E-00 1.08E-00 1.00E-00 8.49E-01 7.60E-01 5.77E-01 4.48E-01 3.43E-01 2.83E-01 2.13E-01 1.70E-01 1.51E-01 1.35E-01 1.53E-01 1.18E-01 1.11E-01 1.09E-01 1.08E-01 1.03E-01 9.81E-02 9.44E-02 8.65E-02
       2.00  2.43E-00 2.11E-00 1.83E-00 1.65E-00 1.40E-00 1.14E-00 1.08E-00 1.00E-00 8.49E-01 7.60E-01 5.77E-01 4.48E-01 3.43E-01 2.83E-01 2.13E-01 1.70E-01 1.51E-01 1.35E-01 1.53E-01 1.18E-01 1.11E-01 1.09E-01 1.08E-01 1.03E-01 9.81E-02 9.44E-02 8.65E-02
       3.00  2.43E-00 2.11E-00 1.83E-00 1.65E-00 1.40E-00 1.14E-00 1.08E-00 1.00E-00 8.49E-01 7.60E-01 5.77E-01 4.48E-01 3.43E-01 2.83E-01 2.13E-01 1.70E-01 1.51E-01 1.35E-01 1.53E-01 1.18E-01 1.11E-01 1.09E-01 1.08E-01 1.03E-01 9.81E-02 9.44E-02 8.65E-02
       4.00  2.43E-00 2.11E-00 1.83E-00 1.65E-00 1.40E-00 1.14E-00 1.08E-00 1.00E-00 8.49E-01 7.60E-01 5.77E-01 4.48E-01 3.43E-01 2.83E-01 2.13E-01 1.70E-01 1.51E-01 1.35E-01 1.53E-01 1.18E-01 1.11E-01 1.09E-01 1.08E-01 1.03E-01 9.81E-02 9.44E-02 8.65E-02
       5.00  2.43E-00 2.11E-00 1.83E-00 1.65E-00 1.40E-00 1.14E-00 1.08E-00 1.00E-00 8.49E-01 7.60E-01 5.77E-01 4.48E-01 3.43E-01 2.83E-01 2.13E-01 1.70E-01 1.51E-01 1.35E-01 1.53E-01 1.18E-01 1.11E-01 1.09E-01 1.08E-01 1.03E-01 9.81E-02 9.44E-02 8.65E-02
       6.00  2.43E-00 2.11E-00 1.83E-00 1.65E-00 1.40E-00 1.14E-00 1.08E-00 1.00E-00 8.49E-01 7.60E-01 5.77E-01 4.48E-01 3.43E-01 2.83E-01 2.13E-01 1.70E-01 1.51E-01 1.35E-01 1.53E-01 1.18E-01 1.11E-01 1.09E-01 1.08E-01 1.03E-01 9.81E-02 9.44E-02 8.65E-02
       7.00  2.43E-00 2.11E-00 1.83E-00 1.65E-00 1.40E-00 1.14E-00 1.08E-00 1.00E-00 8.49E-01 7.60E-01 5.77E-01 4.48E-01 3.43E-01 2.83E-01 2.13E-01 1.70E-01 1.51E-01 1.35E-01 1.53E-01 1.18E-01 1.11E-01 1.09E-01 1.08E-01 1.03E-01 9.81E-02 9.44E-02 8.65E-02
       8.00  2.43E-00 2.11E-00 1.83E-00 1.65E-00 1.40E-00 1.14E-00 1.08E-00 1.00E-00 8.49E-01 7.60E-01 5.77E-01 4.48E-01 3.43E-01 2.83E-01 2.13E-01 1.70E-01 1.51E-01 1.35E-01 1.53E-01 1.18E-01 1.11E-01 1.09E-01 1.08E-01 1.03E-01 9.81E-02 9.44E-02 8.65E-02
       9.00  2.43E-00 2.11E-00 1.83E-00 1.65E-00 1.40E-00 1.14E-00 1.08E-00 1.00E-00 8.49E-01 7.60E-01 5.77E-01 4.48E-01 3.43E-01 2.83E-01 2.13E-01 1.70E-01 1.51E-01 1.35E-01 1.53E-01 1.18E-01 1.11E-01 1.09E-01 1.08E-01 1.03E-01 9.81E-02 9.44E-02 8.65E-02
      10.00  2.43E-00 2.11E-00 1.83E-00 1.65E-00 1.40E-00 1.14E-00 1.08E-00 1.00E-00 8.49E-01 7.60E-01 5.77E-01 4.48E-01 3.43E-01 2.83E-01 2.13E-01 1.70E-01 1.51E-01 1.35E-01 1.53E-01 1.18E-01 1.11E-01 1.09E-01 1.08E-01 1.03E-01 9.81E-02 9.44E-02 8.65E-02
      11.00  2.43E-00 2.11E-00 1.83E-00 1.65E-00 1.40E-00 1.14E-00 1.08E-00 1.00E-00 8.49E-01 7.60E-01 5.77E-01 4.48E-01 3.43E-01 2.83E-01 2.13E-01 1.70E-01 1.51E-01 1.35E-01 1.53E-01 1.18E-01 1.11E-01 1.09E-01 1.08E-01 1.03E-01 9.81E-02 9.44E-02 8.65E-02
      12.00  2.43E-00 2.11E-00 1.83E-00 1.65E-00 1.40E-00 1.14E-00 1.08E-00 1.00E-00 8.49E-01 7.60E-01 5.77E-01 4.48E-01 3.43E-01 2.83E-01 2.13E-01 1.70E-01 1.51E-01 1.35E-01 1.53E-01 1.18E-01 1.11E-01 1.09E-01 1.08E-01 1.03E-01 9.81E-02 9.44E-02 8.65E-02
      13.00  1.49E-00 1.55E-00 1.55E-00 1.52E-00 1.38E-00 1.15E-00 1.09E-00 1.00E-00 8.22E-01 7.06E-01 4.69E-01 2.89E-01 1.64E-01 9.99E-02 5.88E-02 4.18E-02 2.73E-02 1.85E-02 1.33E-02 6.51E-02 8.27E-02 8.93E-02 8.54E-02 6.53E-02 5.79E-02 4.76E-02 4.28E-02
      14.00  1.49E-00 1.55E-00 1.55E-00 1.52E-00 1.38E-00 1.15E-00 1.09E-00 1.00E-00 8.22E-01 7.06E-01 4.69E-01 2.89E-01 1.64E-01 9.99E-02 5.88E-02 4.18E-02 2.73E-02 1.85E-02 1.33E-02 6.51E-02 8.27E-02 8.93E-02 8.54E-02 6.53E-02 5.79E-02 4.76E-02 4.28E-02
      15.00  1.49E-00 1.55E-00 1.55E-00 1.52E-00 1.38E-00 1.15E-00 1.09E-00 1.00E-00 8.22E-01 7.06E-01 4.69E-01 2.89E-01 1.64E-01 9.99E-02 5.88E-02 4.18E-02 2.73E-02 1.85E-02 1.33E-02 6.51E-02 8.27E-02 8.93E-02 8.54E-02 6.53E-02 5.79E-02 4.76E-02 4.28E-02
      16.00  1.49E-00 1.55E-00 1.55E-00 1.52E-00 1.38E-00 1.15E-00 1.09E-00 1.00E-00 8.22E-01 7.06E-01 4.69E-01 2.89E-01 1.64E-01 9.99E-02 5.88E-02 4.18E-02 2.73E-02 1.85E-02 1.33E-02 6.51E-02 8.27E-02 8.93E-02 8.54E-02 6.53E-02 5.79E-02 4.76E-02 4.28E-02
      17.00  1.49E-00 1.55E-00 1.55E-00 1.52E-00 1.38E-00 1.15E-00 1.09E-00 1.00E-00 8.22E-01 7.06E-01 4.69E-01 2.89E-01 1.64E-01 9.99E-02 5.88E-02 4.18E-02 2.73E-02 1.85E-02 1.33E-02 6.51E-02 8.27E-02 8.93E-02 8.54E-02 6.53E-02 5.79E-02 4.76E-02 4.28E-02
      18.00  1.49E-00 1.55E-00 1.55E-00 1.52E-00 1.38E-00 1.15E-00 1.09E-00 1.00E-00 8.22E-01 7.06E-01 4.69E-01 2.89E-01 1.64E-01 9.99E-02 5.88E-02 4.18E-02 2.73E-02 1.85E-02 1.33E-02 6.51E-02 8.27E-02 8.93E-02 8.54E-02 6.53E-02 5.79E-02 4.76E-02 4.28E-02
      19.00  1.49E-00 1.55E-00 1.55E-00 1.52E-00 1.38E-00 1.15E-00 1.09E-00 1.00E-00 8.22E-01 7.06E-01 4.69E-01 2.89E-01 1.64E-01 9.99E-02 5.88E-02 4.18E-02 2.73E-02 1.85E-02 1.33E-02 6.51E-02 8.27E-02 8.93E-02 8.54E-02 6.53E-02 5.79E-02 4.76E-02 4.28E-02
      20.00  1.49E-00 1.55E-00 1.55E-00 1.52E-00 1.38E-00 1.15E-00 1.09E-00 1.00E-00 8.22E-01 7.06E-01 4.69E-01 2.89E-01 1.64E-01 9.99E-02 5.88E-02 4.18E-02 2.73E-02 1.85E-02 1.33E-02 6.51E-02 8.27E-02 8.93E-02 8.54E-02 6.53E-02 5.79E-02 4.76E-02 4.28E-02
      25.00  1.49E-00 1.55E-00 1.55E-00 1.52E-00 1.38E-00 1.15E-00 1.09E-00 1.00E-00 8.22E-01 7.06E-01 4.69E-01 2.89E-01 1.64E-01 9.99E-02 5.88E-02 4.18E-02 2.73E-02 1.85E-02 1.33E-02 6.51E-02 8.27E-02 8.93E-02 8.54E-02 6.53E-02 5.79E-02 4.76E-02 4.28E-02
      30.00  1.49E-00 1.55E-00 1.55E-00 1.52E-00 1.38E-00 1.15E-00 1.09E-00 1.00E-00 8.22E-01 7.06E-01 4.69E-01 2.89E-01 1.64E-01 9.99E-02 5.88E-02 4.18E-02 2.73E-02 1.85E-02 1.33E-02 6.51E-02 8.27E-02 8.93E-02 8.54E-02 6.53E-02 5.79E-02 4.76E-02 4.28E-02
      35.00  0.00E-00 0.00E-00 0.00E-00 0.00E-00 0.00E-00 0.00E-00 0.00E-00 0.00E-00 0.00E-00 0.00E-00 0.00E-00 0.00E-00 0.00E-00 0.00E-00 0.00E-00 0.00E-00 0.00E-00 0.00E-00 0.00E-00 0.00E-00 0.00E-00 0.00E-00 0.00E-00 0.00E-00 0.00E-00 0.00E-00 0.00E-00
      40.00  0.00E-00 0.00E-00 0.00E-00 0.00E-00 0.00E-00 0.00E-00 0.00E-00 0.00E-00 0.00E-00 0.00E-00 0.00E-00 0.00E-00 0.00E-00 0.00E-00 0.00E-00 0.00E-00 0.00E-00 0.00E-00 0.00E-00 0.00E-00 0.00E-00 0.00E-00 0.00E-00 0.00E-00 0.00E-00 0.00E-00 0.00E-00
      45.00  0.00E-00 0.00E-00 0.00E-00 0.00E-00 0.00E-00 0.00E-00 0.00E-00 0.00E-00 0.00E-00 0.00E-00 0.00E-00 0.00E-00 0.00E-00 0.00E-00 0.00E-00 0.00E-00 0.00E-00 0.00E-00 0.00E-00 0.00E-00 0.00E-00 0.00E-00 0.00E-00 0.00E-00 0.00E-00 0.00E-00 0.00E-00
      50.00  0.00E-00 0.00E-00 0.00E-00 0.00E-00 0.00E-00 0.00E-00 0.00E-00 0.00E-00 0.00E-00 0.00E-00 0.00E-00 0.00E-00 0.00E-00 0.00E-00 0.00E-00 0.00E-00 0.00E-00 0.00E-00 0.00E-00 0.00E-00 0.00E-00 0.00E-00 0.00E-00 0.00E-00 0.00E-00 0.00E-00 0.00E-00
      60.00  0.00E-00 0.00E-00 0.00E-00 0.00E-00 0.00E-00 0.00E-00 0.00E-00 0.00E-00 0.00E-00 0.00E-00 0.00E-00 0.00E-00 0.00E-00 0.00E-00 0.00E-00 0.00E-00 0.00E-00 0.00E-00 0.00E-00 0.00E-00 0.00E-00 0.00E-00 0.00E-00 0.00E-00 0.00E-00 0.00E-00 0.00E-00
      70.00  0.00E-00 0.00E-00 0.00E-00 0.00E-00 0.00E-00 0.00E-00 0.00E-00 0.00E-00 0.00E-00 0.00E-00 0.00E-00 0.00E-00 0.00E-00 0.00E-00 0.00E-00 0.00E-00 0.00E-00 0.00E-00 0.00E-00 0.00E-00 0.00E-00 0.00E-00 0.00E-00 0.00E-00 0.00E-00 0.00E-00 0.00E-00
      90.00  0.00E-00 0.00E-00 0.00E-00 0.00E-00 0.00E-00 0.00E-00 0.00E-00 0.00E-00 0.00E-00 0.00E-00 0.00E-00 0.00E-00 0.00E-00 0.00E-00 0.00E-00 0.00E-00 0.00E-00 0.00E-00 0.00E-00 0.00E-00 0.00E-00 0.00E-00 0.00E-00 0.00E-00 0.00E-00 0.00E-00 0.00E-00
     100.00  0.00E-00 0.00E-00 0.00E-00 0.00E-00 0.00E-00 0.00E-00 0.00E-00 0.00E-00 0.00E-00 0.00E-00 0.00E-00 0.00E-00 0.00E-00 0.00E-00 0.00E-00 0.00E-00 0.00E-00 0.00E-00 0.00E-00 0.00E-00 0.00E-00 0.00E-00 0.00E-00 0.00E-00 0.00E-00 0.00E-00 0.00E-00
       1.00   0.655 0.775 0.884 0.902 0.901 0.898 0.897 0.891 0.883 0.879 0.841 0.804 0.774 0.750 0.753 0.783 0.761 0.746 0.548 0.673 0.764 0.751 0.779 0.785 0.775 0.735 0.728
       2.00   0.655 0.775 0.884 0.902 0.901 0.898 0.897 0.891 0.883 0.879 0.841 0.804 0.774 0.750 0.753 0.783 0.761 0.746 0.548 0.673 0.764 0.751 0.779 0.785 0.775 0.735 0.728
       3.00   0.655 0.775 0.884 0.902 0.901 0.898 0.897 0.891 0.883 0.879 0.841 0.804 0.774 0.750 0.753 0.783 0.761 0.746 0.548 0.673 0.764 0.751 0.779 0.785 0.775 0.735 0.728
       4.00   0.655 0.775 0.884 0.902 0.901 0.898 0.897 0.891 0.883 0.879 0.841 0.804 0.774 0.750 0.753 0.783 0.761 0.746 0.548 0.673 0.764 0.751 0.779 0.785 0.775 0.735 0.728
       5.00   0.655 0.775 0.884 0.902 0.901 0.898 0.897 0.891 0.883 0.879 0.841 0.804 0.774 0.750 0.753 0.783 0.761 0.746 0.548 0.673 0.764 0.751 0.779 0.785 0.775 0.735 0.728
       6.00   0.655 0.775 0.884 0.902 0.901 0.898 0.897 0.891 0.883 0.879 0.841 0.804 0.774 0.750 0.753 0.783 0.761 0.746 0.548 0.673 0.764 0.751 0.779 0.785 0.775 0.735 0.728
       7.00   0.655 0.775 0.884 0.902 0.901 0.898 0.897 0.891 0.883 0.879 0.841 0.804 0.774 0.750 0.753 0.783 0.761 0.746 0.548 0.673 0.764 0.751 0.779 0.785 0.775 0.735 0.728
       8.00   0.655 0.775 0.884 0.902 0.901 0.898 0.897 0.891 0.883 0.879 0.841 0.804 0.774 0.750 0.753 0.783 0.761 0.746 0.548 0.673 0.764 0.751 0.779 0.785 0.775 0.735 0.728
       9.00   0.655 0.775 0.884 0.902 0.901 0.898 0.897 0.891 0.883 0.879 0.841 0.804 0.774 0.750 0.753 0.783 0.761 0.746 0.548 0.673 0.764 0.751 0.779 0.785 0.775 0.735 0.728
      10.00   0.655 0.775 0.884 0.902 0.901 0.898 0.897 0.891 0.883 0.879 0.841 0.804 0.774 0.750 0.753 0.783 0.761 0.746 0.548 0.673 0.764 0.751 0.779 0.785 0.775 0.735 0.728
      11.00   0.655 0.775 0.884 0.902 0.901 0.898 0.897 0.891 0.883 0.879 0.841 0.804 0.774 0.750 0.753 0.783 0.761 0.746 0.548 0.673 0.764 0.751 0.779 0.785 0.775 0.735 0.728
      12.00   0.655 0.775 0.884 0.902 0.901 0.898 0.897 0.891 0.883 0.879 0.841 0.804 0.774 0.750 0.753 0.783 0.761 0.746 0.548 0.673 0.764 0.751 0.779 0.785 0.775 0.735 0.728
      13.00   1.0   1.0   1.0   1.0   1.0   1.0   1.0   1.0   1.0   1.0   1.0   1.0   1.0   0.998 0.989 0.969 0.942 0.844 0.698 0.097 0.073 0.070 0.073 0.078 0.070 0.051 0.034
      14.00   1.0   1.0   1.0   1.0   1.0   1.0   1.0   1.0   1.0   1.0   1.0   1.0   1.0   0.998 0.989 0.969 0.942 0.844 0.698 0.097 0.073 0.070 0.073 0.078 0.070 0.051 0.034
      15.00   1.0   1.0   1.0   1.0   1.0   1.0   1.0   1.0   1.0   1.0   1.0   1.0   1.0   0.998 0.989 0.969 0.942 0.844 0.698 0.097 0.073 0.070 0.073 0.078 0.070 0.051 0.034
      16.00   1.0   1.0   1.0   1.0   1.0   1.0   1.0   1.0   1.0   1.0   1.0   1.0   1.0   0.998 0.989 0.969 0.942 0.844 0.698 0.097 0.073 0.070 0.073 0.078 0.070 0.051 0.034
      17.00   1.0   1.0   1.0   1.0   1.0   1.0   1.0   1.0   1.0   1.0   1.0   1.0   1.0   0.998 0.989 0.969 0.942 0.844 0.698 0.097 0.073 0.070 0.073 0.078 0.070 0.051 0.034
      18.00   1.0   1.0   1.0   1.0   1.0   1.0   1.0   1.0   1.0   1.0   1.0   1.0   1.0   0.998 0.989 0.969 0.942 0.844 0.698 0.097 0.073 0.070 0.073 0.078 0.070 0.051 0.034
      19.00   1.0   1.0   1.0   1.0   1.0   1.0   1.0   1.0   1.0   1.0   1.0   1.0   1.0   0.998 0.989 0.969 0.942 0.844 0.698 0.097 0.073 0.070 0.073 0.078 0.070 0.051 0.034
      20.00   1.0   1.0   1.0   1.0   1.0   1.0   1.0   1.0   1.0   1.0   1.0   1.0   1.0   0.998 0.989 0.969 0.942 0.844 0.698 0.097 0.073 0.070 0.073 0.078 0.070 0.051 0.034
      25.00   1.0   1.0   1.0   1.0   1.0   1.0   1.0   1.0   1.0   1.0   1.0   1.0   1.0   0.998 0.989 0.969 0.942 0.844 0.698 0.097 0.073 0.070 0.073 0.078 0.070 0.051 0.034
      30.00   1.0   1.0   1.0   1.0   1.0   1.0   1.0   1.0   1.0   1.0   1.0   1.0   1.0   0.998 0.989 0.969 0.942 0.844 0.698 0.097 0.073 0.070 0.073 0.078 0.070 0.051 0.034
      35.00   1.0   1.0   1.0   1.0   1.0   1.0   1.0   1.0   1.0   1.0   1.0   1.0   1.0   1.0   1.0   1.0   1.0   1.0   1.0   1.0   1.0   1.0   1.0   1.0   1.0   1.0   1.0
      40.00   1.0   1.0   1.0   1.0   1.0   1.0   1.0   1.0   1.0   1.0   1.0   1.0   1.0   1.0   1.0   1.0   1.0   1.0   1.0   1.0   1.0   1.0   1.0   1.0   1.0   1.0   1.0
      45.00   1.0   1.0   1.0   1.0   1.0   1.0   1.0   1.0   1.0   1.0   1.0   1.0   1.0   1.0   1.0   1.0   1.0   1.0   1.0   1.0   1.0   1.0   1.0   1.0   1.0   1.0   1.0
      50.00   1.0   1.0   1.0   1.0   1.0   1.0   1.0   1.0   1.0   1.0   1.0   1.0   1.0   1.0   1.0   1.0   1.0   1.0   1.0   1.0   1.0   1.0   1.0   1.0   1.0   1.0   1.0
      60.00   1.0   1.0   1.0   1.0   1.0   1.0   1.0   1.0   1.0   1.0   1.0   1.0   1.0   1.0   1.0   1.0   1.0   1.0   1.0   1.0   1.0   1.0   1.0   1.0   1.0   1.0   1.0
      70.00   1.0   1.0   1.0   1.0   1.0   1.0   1.0   1.0   1.0   1.0   1.0   1.0   1.0   1.0   1.0   1.0   1.0   1.0   1.0   1.0   1.0   1.0   1.0   1.0   1.0   1.0   1.0
      90.00   1.0   1.0   1.0   1.0   1.0   1.0   1.0   1.0   1.0   1.0   1.0   1.0   1.0   1.0   1.0   1.0   1.0   1.0   1.0   1.0   1.0   1.0   1.0   1.0   1.0   1.0   1.0                                                                                
     100.00   1.0   1.0   1.0   1.0   1.0   1.0   1.0   1.0   1.0   1.0   1.0   1.0   1.0   1.0   1.0   1.0   1.0   1.0   1.0   1.0   1.0   1.0   1.0   1.0   1.0   1.0   1.0                                                                               
