0 0 0 0 0
4.84912e-05 4.37212e-05 4.12178e-05 3.74708e-05 3.36538e-05
0.000180074 0.000164307 0.000155986 0.00014378 0.000130466
0.000519568 0.00048165 0.000461658 0.000433956 0.000400113
0.000930209 0.000873443 0.000843794 0.000806408 0.000754259
0.00138601 0.00131561 0.00127954 0.00124074 0.00117543
0.00189328 0.00181458 0.00177559 0.00174476 0.00167261
0.00262097 0.00253997 0.00250286 0.00249777 0.00242816
0.00356731 0.00349713 0.00347144 0.00352166 0.0034753
0.00451106 0.00446499 0.00445958 0.00458743 0.00458582
0.00545188 0.00544119 0.0054638 0.00568932 0.00575273
0.00638018 0.00641406 0.0064711 0.00681119 0.00695778
0.007282 0.00736733 0.0074637 0.00793127 0.0081761
0.00817081 0.00831389 0.00845426 0.00906209 0.00942006
0.00903025 0.00923523 0.00942264 0.010179 0.0106614
0.00986695 0.0101374 0.0103745 0.0112872 0.0119045
0.0106809 0.0110195 0.0113085 0.0123836 0.0131446
0.0114678 0.011876 0.0122182 0.0134596 0.0143712
0.0129864 0.0135378 0.0139895 0.0155741 0.0168052
0.0144252 0.0151214 0.0156849 0.0176206 0.0191892
0.0157866 0.0166262 0.0173012 0.0195892 0.021506
0.0170854 0.0180657 0.0188511 0.0214902 0.0237625
0.0183267 0.0194438 0.0203374 0.0233229 0.0259534
0.019516 0.020765 0.0217636 0.0250888 0.0280768
0.0206632 0.0220389 0.0231395 0.0267969 0.0301409
0.0217723 0.0232692 0.0244686 0.0284494 0.0321456
0.0228486 0.024461 0.0257555 0.0300507 0.0340937
0.023896 0.0256182 0.0270036 0.0316035 0.0359874
0.02492 0.0267465 0.0282189 0.0331141 0.0378322
0.0259226 0.0278475 0.029403 0.0345831 0.0396276
0.0269075 0.0289253 0.0305601 0.0360147 0.0413777
0.0288407 0.031029 0.0328119 0.0387876 0.0447649
0.030731 0.0330694 0.0349858 0.0414453 0.0480021
0.0325947 0.0350641 0.0371004 0.0440071 0.0511097
0.0344433 0.0370259 0.0391697 0.046488 0.054103
0.0362869 0.0389665 0.0412063 0.0489031 0.0569983
0.0381333 0.0408947 0.0432194 0.0512641 0.0598084
0.0399888 0.0428178 0.0452172 0.0535818 0.062544
0.0418589 0.0447423 0.0472071 0.0558645 0.0652155
0.0437475 0.0466736 0.049195 0.0581203 0.0678324
0.0456586 0.0486164 0.0511861 0.0603561 0.0704034
0.0505635 0.0535606 0.0562203 0.0659161 0.0767046
0.0556491 0.0586331 0.0613433 0.0714483 0.0828402
0.0609347 0.0638626 0.0665897 0.0770066 0.0888773
0.0664297 0.0692663 0.0719808 0.0826267 0.0948704
0.0721364 0.074852 0.0775298 0.0883343 0.100862
0.0780509 0.0806213 0.0832442 0.0941474 0.106879
0.0904992 0.0927274 0.0951988 0.106161 0.119105
0.103695 0.105531 0.107806 0.118673 0.131607
0.117571 0.118983 0.121031 0.131691 0.144443
0.13205 0.133023 0.134825 0.145195 0.157632
0.147056 0.147588 0.149132 0.159151 0.171171
0.162521 0.162612 0.163891 0.173518 0.185043
0.178373 0.178031 0.179041 0.188248 0.19922
0.194543 0.19378 0.194523 0.203293 0.213669
0.210966 0.209799 0.210279 0.218602 0.228351
0.227583 0.226028 0.226253 0.234127 0.24323
0.244335 0.242414 0.242391 0.249819 0.258267
0.261171 0.258905 0.258645 0.265632 0.273423
0.278041 0.275452 0.274968 0.281523 0.28866
0.294901 0.292012 0.291318 0.297452 0.303942
0.311712 0.308544 0.307653 0.31338 0.319236
0.328438 0.325013 0.323938 0.329272 0.334511
0.345047 0.341388 0.340139 0.345097 0.349736
0.36151 0.357638 0.356228 0.360823 0.364883
0.377801 0.373735 0.372176 0.376425 0.379928
0.393895 0.389654 0.387958 0.391878 0.394847
0.409767 0.40537 0.403549 0.407159 0.409619
0.425396 0.420865 0.418931 0.422247 0.424223
0.440766 0.436121 0.434086 0.437123 0.438642
0.455866 0.451122 0.448996 0.451774 0.452862
0.470687 0.465858 0.463652 0.466186 0.46687
0.485219 0.48032 0.478043 0.480348 0.480652
0.499454 0.494498 0.49216 0.494249 0.494199
0.513387 0.508385 0.505993 0.507883 0.5075
0.52701 0.521972 0.519535 0.52124 0.520547
0.540312 0.535254 0.532781 0.534314 0.533333
0.553292 0.548227 0.545726 0.547099 0.545852
0.565953 0.56089 0.558368 0.559593 0.558102
0.578296 0.573242 0.570706 0.571795 0.57008
0.590322 0.585284 0.582739 0.583704 0.581784
0.60203 0.597016 0.594468 0.595321 0.593214
0.613424 0.608441 0.605895 0.606645 0.604369
0.624505 0.619561 0.617022 0.617678 0.61525
0.635277 0.630378 0.62785 0.62842 0.625857
0.645742 0.640895 0.638384 0.638875 0.636193
0.65591 0.651117 0.648625 0.649047 0.646258
0.665782 0.661047 0.658578 0.658937 0.656054
0.675364 0.670691 0.668247 0.66855 0.665586
0.684661 0.680051 0.677636 0.677891 0.674857
0.693678 0.689136 0.686752 0.686965 0.683872
0.702423 0.697951 0.6956 0.695775 0.692633
0.710902 0.706502 0.704185 0.704328 0.701144
0.719119 0.714794 0.712514 0.712627 0.709411
0.727083 0.722834 0.720591 0.72068 0.71744
0.7348 0.730627 0.728424 0.728491 0.725234
0.742275 0.73818 0.736016 0.736065 0.7328
0.749513 0.745497 0.743374 0.743409 0.74014
0.756524 0.752586 0.750504 0.750528 0.747263
0.763313 0.759453 0.757412 0.757427 0.754171
0.769886 0.766104 0.764105 0.764114 0.760872
0.776249 0.772546 0.770589 0.770594 0.76737
0.78241 0.778785 0.776871 0.776873 0.77367
0.788375 0.784827 0.782956 0.782957 0.779778
0.794149 0.790678 0.78885 0.788851 0.785699
0.799738 0.796344 0.794558 0.794561 0.791439
0.805148 0.80183 0.800087 0.800092 0.797003
0.810385 0.807141 0.80544 0.80545 0.802395
0.815455 0.812285 0.810625 0.81064 0.807623
0.820364 0.817266 0.815647 0.815667 0.81269
0.825117 0.82209 0.820511 0.820537 0.817602
0.829719 0.826762 0.825223 0.825256 0.822364
0.834176 0.831288 0.829789 0.829828 0.826979
0.838493 0.835672 0.834211 0.834259 0.831451
0.842673 0.839919 0.838497 0.838552 0.835788
0.846723 0.844034 0.84265 0.842713 0.839993
0.850647 0.848022 0.846674 0.846747 0.844071
0.854449 0.851886 0.850576 0.850657 0.848026
0.858134 0.855633 0.854358 0.854449 0.851862
0.861707 0.859265 0.858025 0.858125 0.855584
0.865171 0.862788 0.861582 0.861691 0.859195
0.86853 0.866205 0.865033 0.865151 0.8627
0.871789 0.869521 0.868381 0.868509 0.866103
0.874951 0.872738 0.871631 0.871768 0.869407
0.87802 0.875862 0.874787 0.874932 0.872616
0.880999 0.878895 0.877851 0.878006 0.875734
0.883893 0.881841 0.880828 0.880992 0.878764
0.886704 0.884703 0.883721 0.883894 0.881709
0.889436 0.887486 0.886533 0.886715 0.884574
0.892092 0.89019 0.889266 0.889458 0.88736
0.894675 0.892821 0.891925 0.892126 0.890071
0.897187 0.89538 0.894513 0.894722 0.89271
0.899632 0.897872 0.897032 0.89725 0.89528
0.902012 0.900298 0.899484 0.899713 0.897784
0.904331 0.902661 0.901874 0.902112 0.900224
0.90659 0.904964 0.904203 0.90445 0.902603
0.908792 0.907209 0.906474 0.906731 0.904924
0.910939 0.909399 0.908689 0.908956 0.907189
0.913034 0.911536 0.91085 0.911127 0.909401
0.915079 0.913622 0.912961 0.913248 0.911561
0.917076 0.91566 0.915022 0.91532 0.913672
0.919027 0.917651 0.917037 0.917345 0.915736
0.920935 0.919597 0.919007 0.919325 0.917754
0.9228 0.921501 0.920934 0.921262 0.91973
0.924625 0.923364 0.922819 0.923159 0.921664
0.926411 0.925188 0.924666 0.925016 0.923559
0.92816 0.926974 0.926474 0.926835 0.925415
0.929874 0.928725 0.928247 0.928618 0.927236
0.931555 0.930442 0.929985 0.930367 0.929021
0.933203 0.932126 0.93169 0.932083 0.930774
0.93482 0.933778 0.933363 0.933768 0.932494
0.936408 0.935401 0.935007 0.935422 0.934184
0.937968 0.936995 0.936621 0.937048 0.935845
0.9395 0.938562 0.938208 0.938645 0.937478
0.941007 0.940103 0.939768 0.940217 0.939084
0.942489 0.941618 0.941303 0.941762 0.940664
0.943948 0.94311 0.942814 0.943283 0.942219
0.945384 0.944578 0.944301 0.944781 0.94375
0.946798 0.946024 0.945765 0.946256 0.945258
0.948191 0.947449 0.947208 0.947709 0.946744
0.949565 0.948854 0.948631 0.949141 0.948209
0.95092 0.95024 0.950034 0.950554 0.949653
0.952256 0.951606 0.951418 0.951947 0.951077
0.953575 0.952955 0.952783 0.953321 0.952481
0.956163 0.955601 0.955462 0.956015 0.955235
0.958688 0.958183 0.958074 0.95864 0.957917
0.959928 0.95945 0.959357 0.959928 0.959232
0.961155 0.960703 0.960624 0.9612 0.960531
0.962367 0.961942 0.961876 0.962456 0.961813
0.963567 0.963166 0.963113 0.963697 0.963078
0.965927 0.965575 0.965546 0.966134 0.965562
0.968238 0.967932 0.967925 0.968512 0.967983
0.970501 0.970237 0.970249 0.970831 0.970342
0.971614 0.971369 0.971391 0.971968 0.971498
0.972715 0.97249 0.972519 0.973091 0.972638
0.973804 0.973597 0.973634 0.974199 0.973762
0.974881 0.974691 0.974735 0.975292 0.97487
0.975946 0.975772 0.975822 0.97637 0.975962
0.976998 0.976839 0.976894 0.977432 0.977038
0.978038 0.977893 0.977952 0.978478 0.978097
0.979064 0.978932 0.978994 0.979509 0.979139
0.980076 0.979956 0.980021 0.980522 0.980163
0.981074 0.980966 0.981032 0.981519 0.981171
0.982058 0.981959 0.982026 0.982498 0.98216
0.983025 0.982936 0.983003 0.983459 0.983131
0.983977 0.983896 0.983962 0.984401 0.984083
0.984911 0.984837 0.984902 0.985324 0.985016
0.985826 0.985759 0.985823 0.986228 0.98593
0.986722 0.986661 0.986723 0.987111 0.986824
0.988451 0.988401 0.98846 0.988814 0.988551
0.990087 0.990047 0.990103 0.990427 0.990191
0.991622 0.991591 0.991644 0.991942 0.991738
0.993045 0.993024 0.993075 0.99335 0.993183
0.99435 0.994339 0.994387 0.994641 0.994511
0.995534 0.995532 0.995576 0.995805 0.995711
0.996597 0.996603 0.996642 0.99684 0.996777
0.99754 0.997551 0.997585 0.997745 0.997708
0.998359 0.998372 0.998398 0.998517 0.998498
0.999041 0.999051 0.999069 0.999145 0.999139
0.99956 0.999566 0.999576 0.999614 0.999612
0.99975 0.999754 0.999759 0.999782 0.999781
0.999888 0.99989 0.999892 0.999903 0.999903
0.999972 0.999972 0.999973 0.999976 0.999976
1 1 1 1 1
