	0.55	0.633	0.694	0.86	1.06
0	1.3474E+02	1.2061E+02	1.1324E+02	1.0214E+02	9.1220E+01
0.02	1.2436E+02	1.1300E+02	1.0700E+02	9.8089E+01	8.8628E+01
0.04	1.1000E+02	1.0177E+02	9.7415E+01	9.1268E+01	8.3828E+01
0.07	9.1555E+01	8.6632E+01	8.4063E+01	8.1019E+01	7.6284E+01
0.1	7.7226E+01	7.4400E+01	7.3004E+01	7.2076E+01	6.9299E+01
0.13	6.6037E+01	6.4574E+01	6.3957E+01	6.4448E+01	6.3100E+01
0.16	5.7166E+01	5.6612E+01	5.6522E+01	5.7974E+01	5.7671E+01
0.2	4.7921E+01	4.8142E+01	4.8507E+01	5.0776E+01	5.1456E+01
0.25	3.9260E+01	4.0035E+01	4.0724E+01	4.3556E+01	4.5026E+01
0.3	3.2778E+01	3.3843E+01	3.4704E+01	3.7802E+01	3.9755E+01
0.35	2.7789E+01	2.9000E+01	2.9945E+01	3.3138E+01	3.5378E+01
0.4	2.3879E+01	2.5148E+01	2.6121E+01	2.9308E+01	3.1704E+01
0.45	2.0738E+01	2.2014E+01	2.2988E+01	2.6111E+01	2.8581E+01
0.5	1.8189E+01	1.9442E+01	2.0396E+01	2.3419E+01	2.5909E+01
0.55	1.6081E+01	1.7296E+01	1.8219E+01	2.1122E+01	2.3598E+01
0.6	1.4332E+01	1.5496E+01	1.6381E+01	1.9160E+01	2.1591E+01
0.65	1.2851E+01	1.3961E+01	1.4809E+01	1.7457E+01	1.9831E+01
0.7	1.1592E+01	1.2648E+01	1.3453E+01	1.5972E+01	1.8279E+01
0.8	9.5943E+00	1.0535E+01	1.1259E+01	1.3530E+01	1.5683E+01
0.9	8.0793E+00	8.9168E+00	9.5656E+00	1.1609E+01	1.3605E+01
1	6.9193E+00	7.6611E+00	8.2413E+00	1.0080E+01	1.1923E+01
1.1	6.0036E+00	6.6623E+00	7.1811E+00	8.8367E+00	1.0533E+01
1.2	5.2762E+00	5.8605E+00	6.3249E+00	7.8191E+00	9.3793E+00
1.3	4.6845E+00	5.2038E+00	5.6201E+00	6.9707E+00	8.4065E+00
1.4	4.1988E+00	4.6611E+00	5.0349E+00	6.2572E+00	7.5798E+00
1.5	3.7989E+00	4.2106E+00	4.5493E+00	5.6600E+00	6.8781E+00
1.6	3.4623E+00	3.8297E+00	4.1330E+00	5.1436E+00	6.2672E+00
1.7	3.1764E+00	3.5052E+00	3.7780E+00	4.6993E+00	5.7371E+00
1.8	2.9372E+00	3.2308E+00	3.4775E+00	4.3198E+00	5.2786E+00
1.9	2.7319E+00	2.9943E+00	3.2178E+00	3.9870E+00	4.8744E+00
2	2.5519E+00	2.7874E+00	2.9897E+00	3.6936E+00	4.5159E+00
2.2	2.2613E+00	2.4505E+00	2.6169E+00	3.2109E+00	3.9189E+00
2.4	2.0369E+00	2.1888E+00	2.3261E+00	2.8323E+00	3.4429E+00
2.6	1.8605E+00	1.9827E+00	2.0962E+00	2.5257E+00	3.0568E+00
2.8	1.7196E+00	1.8166E+00	1.9114E+00	2.2792E+00	2.7411E+00
3	1.6051E+00	1.6828E+00	1.7613E+00	2.0763E+00	2.4810E+00
3.2	1.5100E+00	1.5704E+00	1.6352E+00	1.9074E+00	2.2608E+00
3.4	1.4311E+00	1.4777E+00	1.5315E+00	1.7664E+00	2.0759E+00
3.6	1.3639E+00	1.3987E+00	1.4427E+00	1.6457E+00	1.9175E+00
3.8	1.3065E+00	1.3319E+00	1.3680E+00	1.5440E+00	1.7832E+00
4	1.2572E+00	1.2744E+00	1.3031E+00	1.4556E+00	1.6664E+00
4.5	1.1581E+00	1.1602E+00	1.1759E+00	1.2824E+00	1.4369E+00
5	1.0834E+00	1.0755E+00	1.0821E+00	1.1561E+00	1.2678E+00
5.5	1.0247E+00	1.0102E+00	1.0104E+00	1.0609E+00	1.1404E+00
6	9.7700E-01	9.5821E-01	9.5348E-01	9.8652E-01	1.0431E+00
6.5	9.3604E-01	9.1427E-01	9.0676E-01	9.2697E-01	9.6582E-01
7	9.0038E-01	8.7702E-01	8.6752E-01	8.7807E-01	9.0262E-01
8	8.3991E-01	8.1542E-01	8.0378E-01	8.0157E-01	8.0688E-01
9	7.8921E-01	7.6520E-01	7.5268E-01	7.4326E-01	7.3683E-01
10	7.4492E-01	7.2205E-01	7.0953E-01	6.9609E-01	6.8253E-01
11	7.0489E-01	6.8384E-01	6.7174E-01	6.5619E-01	6.3832E-01
12	6.6866E-01	6.4926E-01	6.3774E-01	6.2130E-01	6.0107E-01
13	6.3516E-01	6.1742E-01	6.0660E-01	5.9003E-01	5.6865E-01
14	6.0392E-01	5.8779E-01	5.7768E-01	5.6149E-01	5.3972E-01
15	5.7457E-01	5.6002E-01	5.5068E-01	5.3506E-01	5.1346E-01
16	5.4689E-01	5.3378E-01	5.2524E-01	5.1037E-01	4.8927E-01
17	5.2071E-01	5.0895E-01	5.0109E-01	4.8714E-01	4.6686E-01
18	4.9589E-01	4.8539E-01	4.7823E-01	4.6516E-01	4.4578E-01
19	4.7231E-01	4.6295E-01	4.5652E-01	4.4431E-01	4.2592E-01
20	4.4991E-01	4.4160E-01	4.3583E-01	4.2447E-01	4.0715E-01
21	4.2861E-01	4.2127E-01	4.1608E-01	4.0556E-01	3.8928E-01
22	4.0839E-01	4.0185E-01	3.9725E-01	3.8753E-01	3.7233E-01
23	3.8917E-01	3.8346E-01	3.7929E-01	3.7033E-01	3.5616E-01
24	3.7090E-01	3.6589E-01	3.6216E-01	3.5389E-01	3.4068E-01
25	3.5354E-01	3.4915E-01	3.4581E-01	3.3819E-01	3.2593E-01
26	3.3698E-01	3.3315E-01	3.3019E-01	3.2317E-01	3.1186E-01
27	3.2118E-01	3.1786E-01	3.1523E-01	3.0882E-01	2.9838E-01
28	3.0608E-01	3.0323E-01	3.0093E-01	2.9510E-01	2.8548E-01
29	2.9162E-01	2.8932E-01	2.8732E-01	2.8195E-01	2.7310E-01
30	2.7794E-01	2.7602E-01	2.7428E-01	2.6938E-01	2.6132E-01
31	2.6498E-01	2.6332E-01	2.6183E-01	2.5740E-01	2.5003E-01
32	2.5263E-01	2.5130E-01	2.5001E-01	2.4596E-01	2.3924E-01
33	2.4091E-01	2.3985E-01	2.3876E-01	2.3503E-01	2.2892E-01
34	2.2973E-01	2.2891E-01	2.2797E-01	2.2461E-01	2.1903E-01
35	2.1914E-01	2.1848E-01	2.1770E-01	2.1465E-01	2.0955E-01
36	2.0894E-01	2.0847E-01	2.0785E-01	2.0511E-01	2.0049E-01
37	1.9915E-01	1.9898E-01	1.9850E-01	1.9600E-01	1.9182E-01
38	1.8993E-01	1.8990E-01	1.8955E-01	1.8728E-01	1.8352E-01
39	1.8120E-01	1.8127E-01	1.8103E-01	1.7898E-01	1.7561E-01
40	1.7290E-01	1.7308E-01	1.7292E-01	1.7109E-01	1.6806E-01
41	1.6499E-01	1.6527E-01	1.6519E-01	1.6355E-01	1.6085E-01
42	1.5745E-01	1.5783E-01	1.5783E-01	1.5638E-01	1.5396E-01
43	1.5029E-01	1.5076E-01	1.5082E-01	1.4952E-01	1.4739E-01
44	1.4347E-01	1.4402E-01	1.4414E-01	1.4297E-01	1.4111E-01
45	1.3696E-01	1.3759E-01	1.3778E-01	1.3672E-01	1.3509E-01
46	1.3080E-01	1.3148E-01	1.3171E-01	1.3078E-01	1.2937E-01
47	1.2497E-01	1.2566E-01	1.2593E-01	1.2511E-01	1.2387E-01
48	1.1938E-01	1.2012E-01	1.2042E-01	1.1970E-01	1.1863E-01
49	1.1408E-01	1.1483E-01	1.1516E-01	1.1453E-01	1.1364E-01
50	1.0902E-01	1.0980E-01	1.1016E-01	1.0964E-01	1.0889E-01
51	1.0423E-01	1.0504E-01	1.0542E-01	1.0496E-01	1.0433E-01
52	9.9675E-02	1.0050E-01	1.0089E-01	1.0049E-01	9.9977E-02
53	9.5333E-02	9.6173E-02	9.6579E-02	9.6235E-02	9.5818E-02
54	9.1205E-02	9.2060E-02	9.2487E-02	9.2181E-02	9.1876E-02
55	8.7299E-02	8.8144E-02	8.8573E-02	8.8324E-02	8.8110E-02
56	8.3571E-02	8.4416E-02	8.4849E-02	8.4638E-02	8.4505E-02
57	7.9998E-02	8.0846E-02	8.1295E-02	8.1122E-02	8.1067E-02
58	7.6624E-02	7.7467E-02	7.7909E-02	7.7777E-02	7.7789E-02
59	7.3416E-02	7.4252E-02	7.4687E-02	7.4588E-02	7.4662E-02
60	7.0364E-02	7.1178E-02	7.1623E-02	7.1550E-02	7.1672E-02
61	6.7436E-02	6.8259E-02	6.8707E-02	6.8656E-02	6.8837E-02
62	6.4688E-02	6.5501E-02	6.5932E-02	6.5903E-02	6.6108E-02
63	6.2063E-02	6.2858E-02	6.3298E-02	6.3280E-02	6.3519E-02
64	5.9560E-02	6.0342E-02	6.0781E-02	6.0779E-02	6.1046E-02
65	5.7174E-02	5.7946E-02	5.8380E-02	5.8395E-02	5.8686E-02
66	5.4907E-02	5.5668E-02	5.6092E-02	5.6120E-02	5.6436E-02
67	5.2747E-02	5.3491E-02	5.3911E-02	5.3945E-02	5.4287E-02
68	5.0696E-02	5.1422E-02	5.1833E-02	5.1881E-02	5.2236E-02
69	4.8745E-02	4.9455E-02	4.9858E-02	4.9911E-02	5.0299E-02
70	4.6887E-02	4.7584E-02	4.7978E-02	4.8036E-02	4.8442E-02
71	4.5119E-02	4.5800E-02	4.6188E-02	4.6252E-02	4.6666E-02
72	4.3437E-02	4.4100E-02	4.4485E-02	4.4552E-02	4.4970E-02
73	4.1837E-02	4.2485E-02	4.2862E-02	4.2933E-02	4.3338E-02
74	4.0312E-02	4.0948E-02	4.1315E-02	4.1390E-02	4.1800E-02
75	3.8860E-02	3.9480E-02	3.9840E-02	3.9920E-02	4.0335E-02
76	3.7475E-02	3.8082E-02	3.8435E-02	3.8518E-02	3.8936E-02
77	3.6157E-02	3.6750E-02	3.7094E-02	3.7181E-02	3.7601E-02
78	3.4907E-02	3.5483E-02	3.5821E-02	3.5912E-02	3.6331E-02
79	3.3717E-02	3.4280E-02	3.4608E-02	3.4696E-02	3.5121E-02
80	3.2585E-02	3.3135E-02	3.3455E-02	3.3541E-02	3.3962E-02
81	3.1505E-02	3.2044E-02	3.2357E-02	3.2442E-02	3.2863E-02
82	3.0477E-02	3.1004E-02	3.1313E-02	3.1397E-02	3.1815E-02
83	2.9500E-02	3.0016E-02	3.0319E-02	3.0403E-02	3.0818E-02
84	2.8570E-02	2.9077E-02	2.9374E-02	2.9458E-02	2.9871E-02
85	2.7689E-02	2.8184E-02	2.8475E-02	2.8559E-02	2.8969E-02
86	2.6850E-02	2.7334E-02	2.7619E-02	2.7704E-02	2.8111E-02
87	2.6054E-02	2.6527E-02	2.6805E-02	2.6891E-02	2.7293E-02
88	2.5297E-02	2.5757E-02	2.6030E-02	2.6118E-02	2.6516E-02
89	2.4575E-02	2.5026E-02	2.5294E-02	2.5382E-02	2.5777E-02
90	2.3889E-02	2.4331E-02	2.4594E-02	2.4677E-02	2.5075E-02
91	2.3237E-02	2.3672E-02	2.3930E-02	2.4014E-02	2.4407E-02
92	2.2621E-02	2.3048E-02	2.3302E-02	2.3384E-02	2.3775E-02
93	2.2037E-02	2.2456E-02	2.2705E-02	2.2793E-02	2.3174E-02
94	2.1483E-02	2.1896E-02	2.2140E-02	2.2227E-02	2.2605E-02
95	2.0956E-02	2.1362E-02	2.1603E-02	2.1691E-02	2.2068E-02
96	2.0457E-02	2.0857E-02	2.1093E-02	2.1183E-02	2.1558E-02
97	1.9984E-02	2.0377E-02	2.0611E-02	2.0703E-02	2.1075E-02
98	1.9537E-02	1.9925E-02	2.0156E-02	2.0249E-02	2.0620E-02
99	1.9116E-02	1.9500E-02	1.9726E-02	1.9820E-02	2.0189E-02
100	1.8720E-02	1.9098E-02	1.9321E-02	1.9417E-02	1.9783E-02
101	1.8344E-02	1.8719E-02	1.8939E-02	1.9036E-02	1.9399E-02
102	1.7991E-02	1.8359E-02	1.8578E-02	1.8676E-02	1.9038E-02
103	1.7658E-02	1.8021E-02	1.8240E-02	1.8338E-02	1.8699E-02
104	1.7344E-02	1.7704E-02	1.7922E-02	1.8021E-02	1.8380E-02
105	1.7051E-02	1.7407E-02	1.7622E-02	1.7723E-02	1.8081E-02
106	1.6776E-02	1.7131E-02	1.7341E-02	1.7445E-02	1.7801E-02
107	1.6519E-02	1.6871E-02	1.7079E-02	1.7184E-02	1.7540E-02
108	1.6279E-02	1.6629E-02	1.6835E-02	1.6941E-02	1.7296E-02
109	1.6056E-02	1.6404E-02	1.6609E-02	1.6715E-02	1.7069E-02
110	1.5849E-02	1.6194E-02	1.6399E-02	1.6506E-02	1.6859E-02
111	1.5658E-02	1.6002E-02	1.6205E-02	1.6313E-02	1.6666E-02
112	1.5482E-02	1.5825E-02	1.6027E-02	1.6136E-02	1.6486E-02
113	1.5322E-02	1.5662E-02	1.5863E-02	1.5972E-02	1.6322E-02
114	1.5175E-02	1.5514E-02	1.5713E-02	1.5822E-02	1.6172E-02
115	1.5042E-02	1.5379E-02	1.5576E-02	1.5686E-02	1.6035E-02
116	1.4923E-02	1.5259E-02	1.5454E-02	1.5563E-02	1.5912E-02
117	1.4817E-02	1.5151E-02	1.5344E-02	1.5454E-02	1.5801E-02
118	1.4723E-02	1.5057E-02	1.5247E-02	1.5357E-02	1.5704E-02
119	1.4642E-02	1.4974E-02	1.5165E-02	1.5272E-02	1.5617E-02
120	1.4573E-02	1.4905E-02	1.5094E-02	1.5200E-02	1.5543E-02
121	1.4518E-02	1.4847E-02	1.5036E-02	1.5138E-02	1.5480E-02
122	1.4473E-02	1.4802E-02	1.4989E-02	1.5089E-02	1.5428E-02
123	1.4440E-02	1.4767E-02	1.4954E-02	1.5049E-02	1.5386E-02
124	1.4418E-02	1.4745E-02	1.4929E-02	1.5020E-02	1.5355E-02
126	1.4409E-02	1.4731E-02	1.4910E-02	1.4992E-02	1.5322E-02
128	1.4444E-02	1.4762E-02	1.4934E-02	1.5005E-02	1.5327E-02
129	1.4477E-02	1.4794E-02	1.4962E-02	1.5025E-02	1.5342E-02
130	1.4522E-02	1.4835E-02	1.5000E-02	1.5054E-02	1.5368E-02
131	1.4578E-02	1.4887E-02	1.5048E-02	1.5093E-02	1.5401E-02
132	1.4643E-02	1.4950E-02	1.5106E-02	1.5141E-02	1.5443E-02
134	1.4806E-02	1.5105E-02	1.5251E-02	1.5264E-02	1.5552E-02
136	1.5012E-02	1.5300E-02	1.5436E-02	1.5420E-02	1.5694E-02
138	1.5258E-02	1.5534E-02	1.5660E-02	1.5610E-02	1.5867E-02
139	1.5396E-02	1.5666E-02	1.5785E-02	1.5718E-02	1.5965E-02
140	1.5544E-02	1.5806E-02	1.5920E-02	1.5832E-02	1.6071E-02
141	1.5703E-02	1.5956E-02	1.6062E-02	1.5955E-02	1.6184E-02
142	1.5870E-02	1.6116E-02	1.6211E-02	1.6086E-02	1.6305E-02
143	1.6047E-02	1.6283E-02	1.6368E-02	1.6223E-02	1.6433E-02
144	1.6234E-02	1.6460E-02	1.6533E-02	1.6367E-02	1.6569E-02
145	1.6428E-02	1.6644E-02	1.6705E-02	1.6518E-02	1.6712E-02
146	1.6631E-02	1.6836E-02	1.6884E-02	1.6675E-02	1.6863E-02
147	1.6842E-02	1.7036E-02	1.7068E-02	1.6838E-02	1.7022E-02
148	1.7060E-02	1.7242E-02	1.7260E-02	1.7008E-02	1.7189E-02
149	1.7283E-02	1.7454E-02	1.7459E-02	1.7183E-02	1.7365E-02
150	1.7511E-02	1.7670E-02	1.7663E-02	1.7366E-02	1.7550E-02
151	1.7741E-02	1.7889E-02	1.7872E-02	1.7556E-02	1.7745E-02
152	1.7973E-02	1.8111E-02	1.8085E-02	1.7753E-02	1.7951E-02
153	1.8205E-02	1.8333E-02	1.8303E-02	1.7957E-02	1.8168E-02
154	1.8436E-02	1.8556E-02	1.8522E-02	1.8167E-02	1.8396E-02
156	1.8890E-02	1.9002E-02	1.8966E-02	1.8604E-02	1.8888E-02
158	1.9329E-02	1.9441E-02	1.9407E-02	1.9060E-02	1.9422E-02
160	1.9743E-02	1.9871E-02	1.9836E-02	1.9518E-02	1.9978E-02
162	2.0145E-02	2.0295E-02	2.0255E-02	1.9949E-02	2.0504E-02
164	2.0577E-02	2.0744E-02	2.0689E-02	2.0330E-02	2.0947E-02
166	2.1145E-02	2.1312E-02	2.1231E-02	2.0723E-02	2.1362E-02
168	2.1974E-02	2.2119E-02	2.2020E-02	2.1266E-02	2.1897E-02
170	2.3141E-02	2.3229E-02	2.3068E-02	2.2026E-02	2.2619E-02
172	2.4644E-02	2.4634E-02	2.4380E-02	2.2991E-02	2.3505E-02
174	2.6359E-02	2.6216E-02	2.5841E-02	2.4055E-02	2.4442E-02
176	2.8007E-02	2.7704E-02	2.7188E-02	2.4967E-02	2.5165E-02
177	2.8664E-02	2.8272E-02	2.7679E-02	2.5238E-02	2.5333E-02
178	2.9129E-02	2.8659E-02	2.8002E-02	2.5367E-02	2.5383E-02
179	2.9434E-02	2.8921E-02	2.8227E-02	2.5492E-02	2.5504E-02
180	2.9599E-02	2.9083E-02	2.8385E-02	2.5643E-02	2.5686E-02
