0.67348
0.67204
0.6712
0.67065
0.67221
0.66978
0.66914
0.67102
0.66878
0.66915
0.66859
0.67025
0.67
0.67096
0.66798
0.66968
0.66996
0.67171
0.67314
0.66926
0.66791
0.67162
0.67069
0.66936
0.66935
0.67006
0.6703
0.67025
0.67172
0.67498
0.67053
0.66884
0.66947
0.67174
0.66872
0.6711
0.66887
0.67046
0.66877
0.67173
0.6709
0.67159
0.66943
0.6706
0.66993
0.66864
0.67244
0.67031
0.6719
0.67128
0.66919
0.66966
0.67029
0.67089
0.66924
0.67008
0.6705
0.67187
0.67275
0.66858
0.67108
0.66982
0.66893
0.67026
0.67158
0.67052
0.67192
0.67189
0.66901
0.66984
0.66909
0.66822
0.67126
0.67089
0.67158
0.67264
0.6702
0.6698
0.67161
0.66971
0.67164
0.67192
0.67137
0.6729
0.67139
0.67168
0.66988
0.67116
0.67061
0.67123
0.67148
0.67117
0.66982
0.67029
0.67268
0.67011
0.67405
0.67084
0.67267
0.6711